7, 86
